nan nan
nan nan
nan nan
nan nan
nan 133.465717
nan 123.985977
nan 123.985977
nan 91.321585
nan 89.314195
nan 89.314195
nan 80.309180
nan 79.686189
nan 79.686189
nan 82.416473
nan 82.474623
nan 82.474623
nan 77.477990
nan 67.471475
nan 67.471475
nan 63.281970
nan 63.164868
nan 63.164868
nan 62.782897
nan 62.782897
nan 61.176199
nan 56.640052
nan 56.640052
nan 54.429577
nan 57.769283
nan 57.769283
nan 54.178211
nan 56.380504
nan 56.380504
nan 52.096082
nan 56.257931
nan 56.257931
nan 52.156840
nan 53.981992
nan 53.981992
nan 52.135664
nan 53.866634
nan 53.866634
nan 52.075987
nan 54.036713
nan 54.036713
nan 52.198242
nan 53.866895
nan 53.866895
nan 51.892526
nan 54.036713
nan 54.036713
nan 52.208685
nan 52.989040
nan 52.989040
nan 55.329762
nan 52.168176
nan 52.168176
nan 54.448682
nan 51.194225
nan 51.194225
nan 55.299617
nan 55.000324
nan 55.000324
nan 52.952111
nan 50.341274
nan 50.341274
nan 55.553830
nan 56.006271
nan 56.006271
nan 54.010047
nan 55.131758
nan 55.131758
nan 53.824376
nan 53.824376
nan 52.013257
nan 53.923829
nan 53.923829
nan 52.071421
nan 55.092037
nan 55.092037
nan 51.707540
nan 53.941150
nan 53.941150
nan 52.092609
nan 56.281456
nan 56.281456
nan 51.937808
nan 54.091563
nan 54.091563
nan 52.161446
nan 53.869007
nan 53.869007
