nan nan
nan nan
nan nan
nan nan
nan nan
nan nan
nan nan
nan nan
nan nan
nan nan
nan nan
nan nan
nan nan
nan nan
nan nan
nan nan
nan nan
nan nan
nan 38.119758
nan 38.119758
nan 38.119758
nan 38.119758
nan 38.119758
nan 22.680775
nan 22.680775
nan 22.680775
nan 22.680775
nan 20.302914
nan 20.302914
nan 20.302914
nan 20.302914
nan 20.302914
nan 18.773516
nan 18.773516
nan 18.773516
nan 18.773516
nan 22.310005
nan 22.310005
nan 22.310005
nan 22.310005
nan 22.310005
nan 19.937504
nan 19.937504
nan 19.937504
nan 19.937504
nan 16.635716
nan 16.635716
nan 16.635716
nan 16.635716
nan 16.635716
nan 16.763950
nan 16.763950
nan 16.763950
nan 16.763950
nan 20.872757
nan 20.872757
nan 20.872757
nan 20.872757
nan 20.872757
nan 19.517357
nan 19.517357
nan 19.517357
nan 19.517357
nan 19.529262
nan 12.604232
nan 12.604232
nan 12.604232
nan 12.604232
nan 20.412882
nan 20.412882
nan 20.412882
nan 20.412882
nan 20.412882
nan 19.080820
nan 19.080820
nan 19.080820
nan 19.080820
nan 16.635716
nan 16.635716
nan 16.635716
nan 16.635716
nan 16.635716
nan 16.763945
nan 16.763945
nan 16.763945
nan 16.763945
nan 20.599140
nan 20.599140
nan 20.599140
nan 20.599140
nan 20.599140
nan 19.010241
nan 19.010241
nan 19.010241
nan 19.010241
nan 16.635716
nan 16.635716
nan 16.635716
nan 16.635716
nan 16.635716
nan 16.763947
nan 16.763947
nan 16.763947
nan 16.763947
nan 20.599140
nan 20.599140
nan 20.599140
nan 20.599140
nan 20.599140
nan 19.010242
nan 19.010242
nan 19.010242
nan 19.010242
nan 19.010242
nan 16.513951
nan 16.513951
nan 16.513951
nan 16.513951
nan 17.953699
nan 17.953699
nan 17.953699
nan 17.953699
nan 17.953699
nan 19.580599
nan 19.580599
nan 19.580599
nan 19.580599
nan 19.667179
nan 19.667179
nan 19.667179
nan 19.667179
nan 19.667179
nan 12.626803
nan 12.626803
nan 12.626803
nan 12.626803
nan 20.412882
nan 20.412882
nan 20.412882
nan 20.412882
nan 20.412882
nan 19.080820
nan 19.080820
nan 19.080820
nan 19.080820
nan 16.635716
nan 16.635716
nan 16.635716
nan 16.635716
nan 16.635716
nan 16.763938
nan 16.763938
nan 16.763938
nan 16.763938
nan 20.599140
nan 20.599140
nan 20.599140
nan 20.599140
nan 20.599140
nan 18.906929
nan 18.906929
nan 18.906929
nan 18.906929
nan 18.906929
nan 15.757296
nan 15.757296
nan 15.757296
nan 15.757296
nan 15.978094
nan 15.978094
nan 15.978094
nan 15.978094
nan 15.978094
nan 19.655190
nan 19.655190
nan 19.655190
nan 19.655190
nan 19.407896
nan 19.407896
nan 19.407896
nan 19.407896
nan 19.407896
nan 12.611973
nan 12.611973
nan 12.611973
nan 12.611973
nan 20.412882
nan 20.412882
nan 20.412882
nan 20.412882
nan 20.412882
nan 19.080820
nan 19.080820
nan 19.080820
nan 19.080820
nan 16.635716
nan 16.635716
nan 16.635716
nan 16.635716
nan 16.635716
nan 16.763947
nan 16.763947
nan 16.763947
nan 16.763947
nan 20.599140
nan 20.599140
nan 20.599140
nan 20.599140
nan 20.599140
nan 19.010245
nan 19.010245
nan 19.010245
nan 19.010245
nan 19.010245
nan 16.513951
nan 16.513951
nan 16.513951
nan 16.513951
nan 17.953699
nan 17.953699
nan 17.953699
nan 17.953699
nan 17.953699
nan 19.580599
nan 19.580599
nan 19.580599
nan 19.580599
nan 19.667181
nan 19.667181
nan 19.667181
nan 19.667181
nan 19.667181
nan 12.626791
nan 12.626791
nan 12.626791
nan 12.626791
nan 20.412882
nan 20.412882
nan 20.412882
nan 20.412882
nan 20.412882
nan 19.080820
nan 19.080820
nan 19.080820
nan 19.080820
nan 16.635716
nan 16.635716
nan 16.635716
nan 16.635716
nan 16.635716
nan 16.763943
nan 16.763943
nan 16.763943
nan 16.763943
nan 20.599140
nan 20.599140
nan 20.599140
nan 20.599140
nan 20.599140
nan 19.010242
nan 19.010242
nan 19.010242
nan 19.010242
nan 19.010242
nan 16.513951
nan 16.513951
nan 16.513951
nan 16.513951
nan 17.953699
nan 17.953699
nan 17.953699
nan 17.953699
nan 17.953699
nan 19.580599
nan 19.580599
nan 19.580599
nan 19.580599
nan 19.667181
nan 19.667181
nan 19.667181
nan 19.667181
nan 19.667181
nan 12.626787
nan 12.626787
nan 12.626787
nan 12.626787
31.102858 18.592030
31.102858 18.592030
31.102858 18.592030
31.102858 18.592030
31.102858 18.592030
21.653116 18.578310
21.653116 18.578310
21.653116 18.578310
21.653116 18.578310
25.783142 12.744058
25.783142 12.744058
25.783142 12.744058
25.783142 12.744058
25.783142 12.744058
17.485981 16.405749
17.485981 16.405749
17.485981 16.405749
17.485981 16.405749
24.361671 17.400108
24.361671 17.400108
24.361671 17.400108
24.361671 17.400108
24.361671 17.400108
21.391129 16.378796
21.391129 16.378796
21.391129 16.378796
21.391129 16.378796
21.391129 16.378796
20.411611 8.341537
20.411611 8.341537
20.411611 8.341537
20.411611 8.341537
19.326321 8.341534
19.326321 8.341534
19.326321 8.341534
19.326321 8.341534
19.326321 8.341534
21.197769 14.776961
21.197769 14.776961
21.197769 14.776961
21.197769 14.776961
21.360129 8.341514
21.360129 8.341514
21.360129 8.341514
21.360129 8.341514
21.360129 8.341514
12.989125 8.341496
12.989125 8.341496
12.989125 8.341496
12.989125 8.341496
20.412882 nan
20.412882 nan
20.412882 nan
20.412882 nan
20.412882 nan
19.080820 nan
19.080820 nan
19.080820 nan
19.080820 nan
16.635716 nan
16.635716 nan
16.635716 nan
16.635716 nan
16.635716 nan
16.763945 nan
16.763945 nan
16.763945 nan
16.763945 nan
20.599140 nan
20.599140 nan
20.599140 nan
20.599140 nan
20.599140 nan
19.010238 nan
19.010238 nan
19.010238 nan
19.010238 nan
19.010238 nan
16.513951 nan
16.513951 nan
16.513951 nan
16.513951 nan
17.953699 nan
17.953699 nan
17.953699 nan
17.953699 nan
17.953699 nan
19.580599 nan
19.580599 nan
19.580599 nan
19.580599 nan
19.667177 nan
19.667177 nan
19.667177 nan
19.667177 nan
19.667177 nan
12.626784 nan
12.626784 nan
12.626784 nan
12.626784 nan
20.412882 nan
20.412882 nan
20.412882 nan
20.412882 nan
20.412882 nan
19.080820 nan
19.080820 nan
19.080820 nan
19.080820 nan
16.635716 nan
16.635716 nan
16.635716 nan
16.635716 nan
16.635716 nan
16.763941 nan
16.763941 nan
16.763941 nan
16.763941 nan
20.599140 nan
20.599140 nan
20.599140 nan
20.599140 nan
20.599140 nan
19.010242 nan
19.010242 nan
19.010242 nan
19.010242 nan
19.010242 nan
16.513951 nan
16.513951 nan
16.513951 nan
16.513951 nan
17.953699 nan
17.953699 nan
17.953699 nan
17.953699 nan
17.953699 nan
19.580599 nan
19.580599 nan
19.580599 nan
19.580599 nan
19.667177 nan
19.667177 nan
19.667177 nan
19.667177 nan
19.667177 nan
12.626786 nan
12.626786 nan
12.626786 nan
12.626786 nan
20.412882 nan
20.412882 nan
20.412882 nan
20.412882 nan
20.412882 nan
19.080820 nan
19.080820 nan
19.080820 nan
19.080820 nan
16.635716 nan
16.635716 nan
16.635716 nan
16.635716 nan
16.635716 nan
16.763947 nan
16.763947 nan
16.763947 nan
16.763947 nan
20.215939 nan
20.215939 nan
20.215939 nan
20.215939 nan
20.215939 nan
18.668852 nan
18.668852 nan
18.668852 nan
18.668852 nan
18.640917 nan
12.446363 nan
12.446363 nan
12.446363 nan
12.446363 nan
20.294368 nan
20.294368 nan
20.294368 nan
20.294368 nan
20.294368 nan
18.945290 nan
18.945290 nan
18.945290 nan
18.945290 nan
