nan nan
nan nan
nan nan
nan nan
nan nan
nan nan
nan nan
nan nan
nan nan
nan 83.311539
nan 83.311539
nan 83.311539
nan 72.898759
nan 72.898759
nan 72.898759
nan 44.526543
nan 44.526543
nan 44.526543
nan 38.709499
nan 38.709499
nan 38.709499
nan 37.999592
nan 37.999592
nan 37.999592
nan 39.249649
nan 39.249649
nan 39.249649
nan 37.810124
nan 37.810124
nan 37.810124
nan 36.103886
nan 36.103886
nan 36.103886
nan 34.495251
nan 34.495251
nan 34.495251
nan 32.683495
nan 32.683495
nan 32.683495
nan 30.927498
nan 30.927498
nan 30.927498
nan 31.011956
nan 31.011956
nan 31.011956
nan 30.927498
nan 30.927498
nan 30.927498
nan 31.011956
nan 31.011956
nan 31.011956
nan 30.927502
nan 30.927502
nan 30.927502
nan 30.955055
nan 30.955055
nan 30.955055
nan 31.819350
nan 31.819350
nan 31.819350
nan 30.866633
nan 30.866633
nan 30.866633
nan 30.927498
nan 30.927498
nan 30.927498
nan 31.011956
nan 31.011956
nan 31.011956
nan 30.927498
nan 30.927498
nan 30.927498
nan 31.011956
nan 31.011956
nan 31.011956
nan 30.927498
nan 30.927498
nan 30.927498
nan 31.011956
nan 31.011956
nan 31.011956
nan 30.927498
nan 30.927498
nan 30.927498
nan 31.011956
nan 31.011956
nan 31.011956
nan 30.927498
nan 30.927498
nan 30.927498
nan 31.011956
nan 31.011956
nan 31.011956
nan 30.927498
nan 30.927498
nan 30.927498
nan 30.927498
nan 31.011956
nan 31.011956
nan 31.011956
nan 30.927498
nan 30.927498
nan 30.927498
nan 31.011956
nan 31.011956
nan 31.011956
nan 30.525135
nan 30.525135
nan 30.525135
nan 32.465370
nan 32.465370
nan 32.465370
nan 29.428469
nan 29.428469
nan 29.428469
nan 32.912865
nan 32.912865
nan 32.912865
nan 30.234632
nan 30.234632
nan 30.234632
nan 32.148254
nan 32.148254
nan 32.148254
nan 31.160256
nan 31.160256
nan 31.160256
nan 30.991436
nan 30.991436
nan 30.991436
nan 29.158592
nan 29.158592
nan 29.158592
nan 32.435874
nan 32.435874
nan 32.435874
nan 31.190578
nan 31.190578
nan 31.190578
nan 31.009441
nan 31.009441
nan 31.009441
nan 31.062113
nan 31.062113
nan 31.062113
nan 30.927498
nan 30.927498
nan 30.927498
nan 31.011956
nan 31.011956
nan 31.011956
nan 30.927498
nan 30.927498
nan 30.927498
nan 30.391842
nan 30.391842
nan 30.391842
nan 30.350910
nan 30.350910
nan 30.350910
nan 27.397049
nan 27.397049
nan 27.397049
nan 30.288664
nan 30.288664
nan 30.288664
nan 31.513701
nan 31.513701
nan 31.513701
nan 28.832064
nan 28.832064
nan 28.832064
nan 29.425126
nan 29.425126
nan 29.425126
nan 30.876097
nan 30.876097
nan 30.876097
nan 31.095121
nan 31.095121
nan 31.095121
nan 30.927498
nan 30.927498
nan 30.927498
nan 31.011956
nan 31.011956
nan 31.011956
nan 30.927498
nan 30.927498
nan 30.927498
45.804836 29.995230
45.804836 29.995230
45.804836 29.995230
42.470722 29.180504
42.470722 29.180504
42.470722 29.180504
42.470722 29.180504
41.718456 28.358988
41.718456 28.358988
41.718456 28.358988
41.562717 27.050885
41.562717 27.050885
41.562717 27.050885
41.369766 25.778063
41.369766 25.778063
41.369766 25.778063
40.858422 23.464683
40.858422 23.464683
40.858422 23.464683
41.992161 22.676928
41.992161 22.676928
41.992161 22.676928
39.405411 17.622177
39.405411 17.622177
39.405411 17.622177
39.939175 19.963476
39.939175 19.963476
39.939175 19.963476
38.634914 12.775341
38.634914 12.775341
38.634914 12.775341
37.370243 12.372693
37.370243 12.372693
37.370243 12.372693
36.028877 10.491516
36.028877 10.491516
36.028877 10.491516
34.224548 8.341513
34.224548 8.341513
34.224548 8.341513
30.614239 8.341496
30.614239 8.341496
30.614239 8.341496
32.435874 nan
32.435874 nan
32.435874 nan
31.190578 nan
31.190578 nan
31.190578 nan
31.009441 nan
31.009441 nan
31.009441 nan
31.062113 nan
31.062113 nan
31.062113 nan
30.927498 nan
30.927498 nan
30.927498 nan
31.011956 nan
31.011956 nan
31.011956 nan
30.927498 nan
30.927498 nan
30.927498 nan
30.955055 nan
30.955055 nan
30.955055 nan
31.819350 nan
31.819350 nan
31.819350 nan
30.866631 nan
30.866631 nan
30.866631 nan
30.927498 nan
30.927498 nan
30.927498 nan
31.011956 nan
31.011956 nan
31.011956 nan
30.927498 nan
30.927498 nan
30.927498 nan
31.011956 nan
31.011956 nan
31.011956 nan
30.927498 nan
30.927498 nan
30.927498 nan
31.011956 nan
31.011956 nan
31.011956 nan
30.927498 nan
30.927498 nan
30.927498 nan
