4 501
2 551
3 2015
1 440
4 3246
5 520
3 473
3 476
5 419
1 2456
3 442
7 567
1 2556
3 457
1 2050
2 467
5 443
12 5524
12 615
20 1632
15 622
39 909
48 5443
72 1284
67 2790
49 1032
28 807
23 3290
58 1091
148 2586
230 8143
203 2907
328 8215
347 4734
399 6473
213 7811
209 2266
405 7734
417 9908
320 3866
295 8964
202 2855
167 2978
70 1233
49 1198
44 4798
71 1056
46 1718
40 3713
41 845
59 1085
147 1506
125 3572
201 4194
280 2825
315 3584
242 5104
265 4757
163 2549
235 2325
243 2949
98 3328
47 769
100 1864
138 1971
112 1513
38 1174
81 1789
131 2243
117 4315
86 1400
176 2528
229 4426
222 2716
194 4889
263 2863
183 6785
207 7304
355 4025
349 7835
379 4471
420 5250
400 10243
385 5189
101 3784
161 2298
301 3987
307 9853
151 4320
231 6370
322 6984
248 4095
260 6861
174 3726
160 4891
95 1470
76 1573
70 2590
106 1892
164 4520
97 1966
154 4289
120 3892
127 2089
113 5166
69 4076
88 1375
68 1716
87 1631
110 3702
115 3668
90 1446
64 2005
79 3869
78 3348
55 1315
55 1271
56 1123
70 3305
72 2980
68 3573
63 1074
92 1209
94 2714
74 1319
50 1203
50 6045
70 1051
63 5476
72 1215
42 1105
48 925
65 1142
61 1472
66 1212
62 1283
96 4288
124 1570
149 2049
230 7436
278 4420
316 7147
312 3520
370 5240
384 10254
351 4776
353 4986
296 6450
300 3979
471 11654
451 5839
329 6289
261 5477
267 5823
280 8951
268 3657
193 7658
164 2444
149 3755
102 1559
77 1613
67 5326
124 1677
120 2195
140 4771
196 3790
191 5072
240 2734
482 5539
266 8039
295 3613
353 5452
369 8569
213 4746
205 3565
186 2338
234 3332
172 4689
231 4783
298 3849
221 5839
143 2100
118 2108
169 6503
128 2129
118 3961
110 1806
87 1768
97 8413
128 2172
115 2600
94 1379
122 1795
271 6510
191 2305
133 1789
146 3866
124 1714
210 6163
290 3091
180 2520
239 7469
414 4824
335 7302
235 3458
284 4615
209 7448
178 2561
211 5905
149 2132
151 4009
154 6934
132 2061
131 2288
141 1840
126 1801
109 6317
120 1707
76 3087
92 3504
105 1720
98 1804
111 1481
107 2848
129 4556
131 2128
113 1586
129 4480
129 2751
133 1743
133 1507
119 1427
96 4396
147 2532
122 1355
141 5322
140 1844
128 2207
120 5874
111 1657
158 4281
166 2503
212 2448
223 7559
268 3094
201 4721
178 7909
235 3343
293 7347
236 3163
156 2763
222 8301
183 2437
270 5962
328 8948
186 2560
223 8190
256 3306
206 3608
157 7217
264 2753
206 5494
179 2269
178 2865
194 7126
157 2485
212 5005
203 5242
168 3892
125 2441
140 1798
131 3787
167 7178
226 3074
146 2391
106 4264
206 4535
68 2113
88 1512
74 1191
93 4402
163 4389
79 1616
74 1331
111 1698
103 3311
142 4162
149 2322
141 5063
147 2489
177 3370
155 6094
160 2413
271 6113
158 4435
146 2679
199 9726
181 3149
147 4918
265 7871
179 2494
169 7123
270 3601
221 3164
232 7645
249 3871
229 7230
213 2767
169 2471
163 7815
157 2004
246 6105
252 6670
308 6622
225 7586
246 3056
236 3671
221 5703
223 3149
146 4549
196 2603
234 4108
346 9534
271 3499
137 4314
160 4721
143 3002
136 2523
102 1506
127 1573
177 5092
153 3473
144 2445
197 5097
202 4762
196 4907
170 3294
141 2447
192 5313
237 2987
242 3866
180 7383
180 2607
172 4842
121 2173
157 3156
117 2309
134 1816
97 5843
113 1744
134 2136
94 2173
112 1399
115 2091
94 1474
80 1518
133 5184
131 1765
94 1854
102 3407
123 1714
180 4012
182 2412
139 2363
146 5793
110 1968
90 1867
68 1394
48 1198
61 4515
40 858
33 1080
22 839
19 721
20 2186
13 575
7 504
15 5387
13 587
10 2033
11 667
7 519
13 1712
4 428
9 600
9 546
7 491
8 1180
21 986
6 905
11 1571
3 465
4 2667
6 487
4 473
4 4734
7 458
6 471
6 497
3 3894
2 432
5 484
7 1373
2 993
3 510
3 3596
6 453
1 1279
4 457
3 428
7 559
7 928
3 529
3 7316
3 5185
2 430
6 527
6 5664
1 421
3 541
2 436
4 1263
